# x    u_init    u_nu1e-02    u_nu1e-03    u_nu3e-04    u_nu1e-04
0.000000000000000000e+00 0.000000000000000000e+00 7.431265206930077571e+26
1.000000000000000056e-01 1.541025797688697985e+01 -5.643010363150189419e+26
2.000000000000000111e-01 1.589454484386530631e+01 4.046940000018380587e+26
3.000000000000000444e-01 5.789447496702812224e+00 -2.667326549456728765e+26
4.000000000000000222e-01 -2.386979502944086562e-15 1.489862960940424060e+26
5.000000000000000000e-01 2.656875757337520572e+00 -4.732930803955030488e+25
6.000000000000000888e-01 5.242183581113177837e+00 -4.372165581572627937e+25
7.000000000000000666e-01 2.736871414605778430e+00 1.295476331819903842e+26
8.000000000000000444e-01 2.220446049250313081e-16 -2.139867932882010848e+26
9.000000000000000222e-01 1.221011288334604039e+00 2.984370531732500983e+26
1.000000000000000000e+00 3.077683537175251338e+00 -3.817155787478593708e+26
1.100000000000000089e+00 1.888803426957488485e+00 4.603288136585583429e+26
1.200000000000000178e+00 -2.220446049250313081e-15 -5.289720836585827749e+26
1.300000000000000044e+00 6.554318269412067188e-01 5.814408052964134811e+26
1.400000000000000133e+00 2.125108173157201019e+00 -6.118135536955052892e+26
1.500000000000000000e+00 1.481305252752576518e+00 6.154053007529247444e+26
1.600000000000000089e+00 -2.886579864025407005e-15 -5.893727216734119194e+26
1.700000000000000178e+00 3.454538278925120554e-01 5.332231721138025390e+26
1.800000000000000044e+00 1.575747859968646525e+00 -4.491342074460909789e+26
1.900000000000000133e+00 1.235727657909982291e+00 3.417614433229164766e+26
2.000000000000000000e+00 2.775557561562891351e-15 -2.176743856764302722e+26
2.100000000000000089e+00 1.445961158925318790e-01 8.480117063717753863e+25
2.200000000000000178e+00 1.208792350409610084e+00 4.817860576212541289e+25
2.300000000000000266e+00 1.067138674627712058e+00 -1.727154300260424478e+26
2.400000000000000355e+00 1.387778780781445676e-14 2.813092347911886969e+26
2.500000000000000000e+00 2.971315939523802412e-15 -3.681423482664945411e+26
2.600000000000000089e+00 9.390625058174868478e-01 4.295868464871877887e+26
2.700000000000000178e+00 9.408092961815777144e-01 -4.647839330234608603e+26
2.800000000000000266e+00 -8.104628079763642745e-15 4.760057410633159602e+26
2.900000000000000355e+00 -1.121602444751851335e-01 -4.685259517932244931e+26
3.000000000000000000e+00 7.265425280053789958e-01 4.502019454282961415e+26
3.100000000000000089e+00 8.397996491122566853e-01 -4.309071680466071038e+26
3.200000000000000178e+00 -6.439293542825907934e-15 4.215292046377448324e+26
3.300000000000000266e+00 -2.043008243002525925e-01 -4.324461260987796181e+26
3.400000000000000355e+00 5.497546521927781926e-01 4.719060694222914701e+26
3.500000000000000000e+00 7.547627247472155076e-01 -5.446103076545325876e+26
3.600000000000000089e+00 -6.772360450213454897e-15 6.504312161297461438e+26
3.700000000000000178e+00 -2.836306788762897879e-01 -7.834493013233422204e+26
3.800000000000000266e+00 3.959280087977252727e-01 9.318404475010290136e+26
3.900000000000000355e+00 6.800110765479013830e-01 -1.078769549387968950e+27
4.000000000000000000e+00 1.887379141862766119e-15 1.203972895873339565e+27
4.100000000000000533e+00 -3.547365716340633579e-01 -1.285896507535266858e+27
4.200000000000000178e+00 2.567563603677321393e-01 1.304429786822848002e+27
4.299999999999999822e+00 6.117632414485746351e-01 -1.243813439719340069e+27
4.400000000000000355e+00 1.831867990631508292e-14 1.095004647492592689e+27
4.500000000000000000e+00 -4.208077798377403145e-01 -8.572132729219786905e+26
4.600000000000000533e+00 1.263293784461071434e-01 5.386363334576943488e+26
4.700000000000000178e+00 5.472639155896348306e-01 -1.561447840831906133e+26
4.800000000000000711e+00 -6.106226635438360972e-16 -2.663205667980084126e+26
4.900000000000000355e+00 -4.842868669783244595e-01 7.002954752520653799e+26
5.000000000000000000e+00 -1.212771719537832457e-14 -1.115705317152112226e+27
5.100000000000000533e+00 4.842868669783372271e-01 1.483951171127570139e+27
5.200000000000000178e+00 8.826273045769994496e-15 -1.781014709434968098e+27
5.300000000000000711e+00 -5.472639155896259489e-01 1.990003915557598482e+27
5.400000000000000355e+00 -1.263293784461137770e-01 -2.102634455831862736e+27
5.500000000000000000e+00 4.208077798377425349e-01 2.119700731119285212e+27
5.600000000000000533e+00 -9.048317650695025804e-15 -2.050657771048613787e+27
5.700000000000000178e+00 -6.117632414485751902e-01 1.912116472074326505e+27
5.800000000000000711e+00 -2.567563603677464057e-01 -1.725294501464909757e+27
5.900000000000000355e+00 3.547365716340314390e-01 1.513018412911509744e+27
6.000000000000000000e+00 2.664535259100375697e-15 -1.296792168242145112e+27
6.100000000000000533e+00 -6.800110765478899477e-01 1.094058363343846901e+27
6.200000000000000178e+00 -3.959280087977183893e-01 -9.159594466189293157e+26
6.300000000000000711e+00 2.836306788762830156e-01 7.662053580476604313e+26
6.400000000000000355e+00 -4.440892098500626162e-15 -6.412443295371755006e+26
6.500000000000000000e+00 -7.547627247472064038e-01 5.313921255226646953e+26
6.600000000000000533e+00 -5.497546521927451080e-01 -4.227089098816128338e+26
6.700000000000000178e+00 2.043008243002815139e-01 2.996062343344703761e+26
6.800000000000000711e+00 -1.987299214079030207e-14 -1.477446738830435001e+26
6.900000000000000355e+00 -8.397996491122595719e-01 -4.350752378368903774e+25
7.000000000000000000e+00 -7.265425280053372514e-01 2.793350973445586523e+26
7.100000000000000533e+00 1.121602444752357042e-01 -5.583807454150549299e+26
7.200000000000000178e+00 1.065814103640150279e-14 8.725003867095596344e+26
7.300000000000000711e+00 -9.408092961816432176e-01 -1.207635177427747784e+27
7.400000000000000355e+00 -9.390625058175352535e-01 1.545515323609531744e+27
7.500000000000000000e+00 4.695100324995811987e-15 -1.865694826103957736e+27
7.600000000000000533e+00 3.819167204710538499e-14 2.147833067969680421e+27
7.700000000000000178e+00 -1.067138674627697847e+00 -2.374203101796980266e+27
7.800000000000000711e+00 -1.208792350409627403e+00 2.531935778028165598e+27
7.900000000000000355e+00 -1.445961158925647694e-01 -2.614509908257688094e+27
8.000000000000000000e+00 1.165734175856414367e-14 2.622524167684154562e+27
8.099999999999999645e+00 -1.235727657910002719e+00 -2.563818072429390784e+27
8.200000000000001066e+00 -1.575747859968656073e+00 2.452625573672362372e+27
8.300000000000000711e+00 -3.454538278924906280e-01 -2.307659245715352997e+27
8.400000000000000355e+00 2.964295475749167963e-14 2.149616487391648328e+27
8.500000000000000000e+00 -1.481305252752551427e+00 -1.998554269417557025e+27
8.599999999999999645e+00 -2.125108173157202351e+00 1.871208805835314454e+27
8.700000000000001066e+00 -6.554318269412279241e-01 -1.778581019513087308e+27
8.800000000000000711e+00 -2.164934898019055254e-14 1.724491948672123134e+27
8.900000000000000355e+00 -1.888803426957481602e+00 -1.705423862797955696e+27
9.000000000000000000e+00 -3.077683537175270434e+00 1.711395642374077154e+27
9.099999999999999645e+00 -1.221011288334655331e+00 -1.727739013155704443e+27
9.200000000000001066e+00 -2.203792703880935733e-14 1.737791926366195286e+27
9.300000000000000711e+00 -2.736871414605761110e+00 -1.725999868154522061e+27
9.400000000000000355e+00 -5.242183581113148527e+00 1.680547709394779058e+27
9.500000000000000000e+00 -2.656875757337563648e+00 -1.595106216772856836e+27
9.600000000000001421e+00 -1.906808044793706358e-14 1.469682975793428814e+27
9.700000000000001066e+00 -5.789447496702861073e+00 -1.310349338990834312e+27
9.800000000000000711e+00 -1.589454484386535071e+01 1.127676175633698652e+27
9.900000000000000355e+00 -1.541025797688696919e+01 -9.344033707575560950e+26
