# x    u_init    u_nu1e-02    u_nu1e-03    u_nu3e-04    u_nu1e-04
0.000000000000000000e+00 0.000000000000000000e+00 2.035320764644231936e+18
1.000000000000000056e-01 1.541025797688697985e+01 2.972737548316832973e+19
2.000000000000000111e-01 1.589454484386530631e+01 4.150702105635523584e+18
3.000000000000000444e-01 5.789447496702812224e+00 -2.951362820374367027e+19
4.000000000000000222e-01 -2.386979502944086562e-15 -8.795395699974969344e+18
5.000000000000000000e-01 2.656875757337520572e+00 2.943077962968544051e+19
6.000000000000000888e-01 5.242183581113177837e+00 1.130983860468823654e+19
7.000000000000000666e-01 2.736871414605778430e+00 -2.616590944052934656e+19
8.000000000000000444e-01 2.220446049250313081e-16 -1.676703089231772467e+19
9.000000000000000222e-01 1.221011288334604039e+00 2.643409613275414938e+19
1.000000000000000000e+00 3.077683537175251338e+00 1.660929745705402163e+19
1.100000000000000089e+00 1.888803426957488485e+00 -1.928589380061881549e+19
1.200000000000000178e+00 -2.220446049250313081e-15 -2.514889716861181952e+19
1.300000000000000044e+00 6.554318269412067188e-01 2.320994628083382682e+19
1.400000000000000133e+00 2.125108173157201019e+00 1.955114263423704678e+19
1.500000000000000000e+00 1.481305252752576518e+00 -1.127845963640366490e+19
1.600000000000000089e+00 -2.886579864025407005e-15 -3.031174975684083712e+19
1.700000000000000178e+00 3.454538278925120554e-01 1.641782033981048832e+19
1.800000000000000044e+00 1.575747859968646525e+00 2.383604117679861350e+19
1.900000000000000133e+00 1.235727657909982291e+00 -6.214110957441608704e+18
2.000000000000000000e+00 2.775557561562891351e-15 -2.965704316260736205e+19
2.100000000000000089e+00 1.445961158925318790e-01 5.589873667700302848e+18
2.200000000000000178e+00 1.208792350409610084e+00 2.904178236856569446e+19
2.300000000000000266e+00 1.067138674627712058e+00 -2.963721559136040960e+18
2.400000000000000355e+00 1.387778780781445676e-14 -2.608348705027584000e+19
2.500000000000000000e+00 2.971315939523802412e-15 -5.051955243096371200e+18
2.600000000000000089e+00 9.390625058174868478e-01 3.120821677269924659e+19
2.700000000000000178e+00 9.408092961815777144e-01 2.083290597657184768e+18
2.800000000000000266e+00 -8.104628079763642745e-15 -2.360443113086695014e+19
2.900000000000000355e+00 -1.121602444751851335e-01 -1.179513672750645862e+19
3.000000000000000000e+00 7.265425280053789958e-01 2.811129392978810880e+19
3.100000000000000089e+00 8.397996491122566853e-01 9.972074179864107008e+18
3.200000000000000178e+00 -6.439293542825907934e-15 -2.269200337940803994e+19
3.300000000000000266e+00 -2.043008243002525925e-01 -1.551424013683240141e+19
3.400000000000000355e+00 5.497546521927781926e-01 2.275642112179476480e+19
3.500000000000000000e+00 7.547627247472155076e-01 1.623181759857375232e+19
3.600000000000000089e+00 -6.772360450213454897e-15 -1.819971459525897216e+19
3.700000000000000178e+00 -2.836306788762897879e-01 -2.219171433908278886e+19
3.800000000000000266e+00 3.959280087977252727e-01 2.165705656512177357e+19
3.900000000000000355e+00 6.800110765479013830e-01 1.540990870918091366e+19
4.000000000000000000e+00 1.887379141862766119e-15 -7.096290534777029632e+18
4.100000000000000533e+00 -3.547365716340633579e-01 -3.215908206718840832e+19
4.200000000000000178e+00 2.567563603677321393e-01 2.209627440608070861e+19
4.299999999999999822e+00 6.117632414485746351e-01 1.401864896813685555e+19
4.400000000000000355e+00 1.831867990631508292e-14 5.642198140417443840e+17
4.500000000000000000e+00 -4.208077798377403145e-01 -3.344570123855431680e+19
4.600000000000000533e+00 1.263293784461071434e-01 1.184451522145279590e+19
4.700000000000000178e+00 5.472639155896348306e-01 2.333755235574323610e+19
4.800000000000000711e+00 -6.106226635438360972e-16 -3.919895602685015040e+18
4.900000000000000355e+00 -4.842868669783244595e-01 -2.185173641691999846e+19
5.000000000000000000e+00 -1.212771719537832457e-14 -7.915977836410081280e+18
5.100000000000000533e+00 4.842868669783372271e-01 3.721519664866257306e+19
5.200000000000000178e+00 8.826273045769994496e-15 -1.009008790680487526e+19
5.300000000000000711e+00 -5.472639155896259489e-01 -1.141680700041262899e+19
5.400000000000000355e+00 -1.263293784461137770e-01 -2.116728793667171942e+19
5.500000000000000000e+00 4.208077798377425349e-01 3.993746668225308262e+19
5.600000000000000533e+00 -9.048317650695025804e-15 -4.281599201986222592e+18
5.700000000000000178e+00 -6.117632414485751902e-01 -1.275101728160032358e+19
5.800000000000000711e+00 -2.567563603677464057e-01 -2.145325164380349645e+19
5.900000000000000355e+00 3.547365716340314390e-01 3.028096565479280230e+19
6.000000000000000000e+00 2.664535259100375697e-15 9.489655285356394496e+18
6.100000000000000533e+00 -6.800110765478899477e-01 -1.764910986238536090e+19
6.200000000000000178e+00 -3.959280087977183893e-01 -2.010546262119163494e+19
6.300000000000000711e+00 2.836306788762830156e-01 2.165927143434834739e+19
6.400000000000000355e+00 -4.440892098500626162e-15 1.762181610838228173e+19
6.500000000000000000e+00 -7.547627247472064038e-01 -1.469942811650063974e+19
6.600000000000000533e+00 -5.497546521927451080e-01 -2.486551337867830477e+19
6.700000000000000178e+00 2.043008243002815139e-01 1.765283819176535654e+19
6.800000000000000711e+00 -1.987299214079030207e-14 2.116868407619689677e+19
6.900000000000000355e+00 -8.397996491122595719e-01 -9.725785228114481152e+18
7.000000000000000000e+00 -7.265425280053372514e-01 -2.648039898664001126e+19
7.100000000000000533e+00 1.121602444752357042e-01 7.815872300472875008e+18
7.200000000000000178e+00 1.065814103640150279e-14 3.022404371867139277e+19
7.300000000000000711e+00 -9.408092961816432176e-01 -1.142528556297268634e+19
7.400000000000000355e+00 -9.390625058175352535e-01 -1.928331113411911270e+19
7.500000000000000000e+00 4.695100324995811987e-15 -9.101108099463084032e+18
7.600000000000000533e+00 3.819167204710538499e-14 4.191774805433573376e+19
7.700000000000000178e+00 -1.067138674627697847e+00 -1.385255862701876634e+19
7.800000000000000711e+00 -1.208792350409627403e+00 -1.203770292403201434e+19
7.900000000000000355e+00 -1.445961158925647694e-01 -2.196556427759784755e+19
8.000000000000000000e+00 1.165734175856414367e-14 4.465048425202342298e+19
8.099999999999999645e+00 -1.235727657910002719e+00 -6.792202522779374592e+18
8.200000000000001066e+00 -1.575747859968656073e+00 -1.319597306179763405e+19
8.300000000000000711e+00 -3.454538278924906280e-01 -2.459187512692722893e+19
8.400000000000000355e+00 2.964295475749167963e-14 3.621839458888098611e+19
8.500000000000000000e+00 -1.481305252752551427e+00 7.164532628479169536e+18
8.599999999999999645e+00 -2.125108173157202351e+00 -1.654313423127764173e+19
8.700000000000001066e+00 -6.554318269412279241e-01 -2.591169615476818330e+19
8.800000000000000711e+00 -2.164934898019055254e-14 2.833515974442663936e+19
8.900000000000000355e+00 -1.888803426957481602e+00 1.495962039091638067e+19
9.000000000000000000e+00 -3.077683537175270434e+00 -1.073274498083245466e+19
9.099999999999999645e+00 -1.221011288334655331e+00 -3.395383149349669274e+19
9.200000000000001066e+00 -2.203792703880935733e-14 2.568891394392965939e+19
9.300000000000000711e+00 -2.736871414605761110e+00 1.636854786950221619e+19
9.400000000000000355e+00 -5.242183581113148527e+00 -1.339568426773501440e+18
9.500000000000000000e+00 -2.656875757337563648e+00 -3.884827322957470106e+19
9.600000000000001421e+00 -1.906808044793706358e-14 1.707559070996214579e+19
9.700000000000001066e+00 -5.789447496702861073e+00 2.267676296969065267e+19
9.800000000000000711e+00 -1.589454484386535071e+01 1.290149776720237824e+18
9.900000000000000355e+00 -1.541025797688696919e+01 -3.416323632017122509e+19
