# x    u_init    u_nu1e-02    u_nu1e-03    u_nu3e-04    u_nu1e-04
0.000000000000000000e+00 0.000000000000000000e+00 1.315779944426361392e+37
1.000000000000000056e-01 1.541025797688697985e+01 -1.291085841639707827e+37
2.000000000000000111e-01 1.589454484386530631e+01 1.266027289583536862e+37
3.000000000000000444e-01 5.789447496702812224e+00 -1.240794149958585763e+37
4.000000000000000222e-01 -2.386979502944086562e-15 1.215569737842723140e+37
5.000000000000000000e-01 2.656875757337520572e+00 -1.190529039850423270e+37
6.000000000000000888e-01 5.242183581113177837e+00 1.165837036818271304e+37
7.000000000000000666e-01 2.736871414605778430e+00 -1.141647149451224290e+37
8.000000000000000444e-01 2.220446049250313081e-16 1.118099822958321403e+37
9.000000000000000222e-01 1.221011288334604039e+00 -1.095321265543959332e+37
1.000000000000000000e+00 3.077683537175251338e+00 1.073422355823691154e+37
1.100000000000000089e+00 1.888803426957488485e+00 -1.052497735511381199e+37
1.200000000000000178e+00 -2.220446049250313081e-15 1.032625105450089282e+37
1.300000000000000044e+00 6.554318269412067188e-01 -1.013864744404058762e+37
1.400000000000000133e+00 2.125108173157201019e+00 9.962592701339686257e+36
1.500000000000000000e+00 1.481305252752576518e+00 -9.798336604205946760e+36
1.600000000000000089e+00 -2.886579864025407005e-15 9.645955474443607743e+36
1.700000000000000178e+00 3.454538278925120554e-01 -9.505357922085025174e+36
1.800000000000000044e+00 1.575747859968646525e+00 9.376293368604956304e+36
1.900000000000000133e+00 1.235727657909982291e+00 -9.258363225466595802e+36
2.000000000000000000e+00 2.775557561562891351e-15 9.151034498442692601e+36
2.100000000000000089e+00 1.445961158925318790e-01 -9.053655490260063448e+36
2.200000000000000178e+00 1.208792350409610084e+00 8.965473195927877085e+36
2.300000000000000266e+00 1.067138674627712058e+00 -8.885651936681522849e+36
2.400000000000000355e+00 1.387778780781445676e-14 8.813292766762210327e+36
2.500000000000000000e+00 2.971315939523802412e-15 -8.747453215008623131e+36
2.600000000000000089e+00 9.390625058174868478e-01 8.687166988354676703e+36
2.700000000000000178e+00 9.408092961815777144e-01 -8.631463359756788706e+36
2.800000000000000266e+00 -8.104628079763642745e-15 8.579386077318042283e+36
2.900000000000000355e+00 -1.121602444751851335e-01 -8.530011749549272397e+36
3.000000000000000000e+00 7.265425280053789958e-01 8.482467767056639145e+36
3.100000000000000089e+00 8.397996491122566853e-01 -8.435949896743926870e+36
3.200000000000000178e+00 -6.439293542825907934e-15 8.389739716233752765e+36
3.300000000000000266e+00 -2.043008243002525925e-01 -8.343222033147182654e+36
3.400000000000000355e+00 5.497546521927781926e-01 8.295902351540538386e+36
3.500000000000000000e+00 7.547627247472155076e-01 -8.247424308759105685e+36
3.600000000000000089e+00 -6.772360450213454897e-15 8.197586820530083692e+36
3.700000000000000178e+00 -2.836306788762897879e-01 -8.146360457960319191e+36
3.800000000000000266e+00 3.959280087977252727e-01 8.093902360976374022e+36
3.900000000000000355e+00 6.800110765479013830e-01 -8.040568796245677358e+36
4.000000000000000000e+00 1.887379141862766119e-15 7.986924322240952260e+36
4.100000000000000533e+00 -3.547365716340633579e-01 -7.933746455834799524e+36
4.200000000000000178e+00 2.567563603677321393e-01 7.882024763660192583e+36
4.299999999999999822e+00 6.117632414485746351e-01 -7.832953438497304739e+36
4.400000000000000355e+00 1.831867990631508292e-14 7.787916666078168682e+36
4.500000000000000000e+00 -4.208077798377403145e-01 -7.748466428816072204e+36
4.600000000000000533e+00 1.263293784461071434e-01 7.716292806407760810e+36
4.700000000000000178e+00 5.472639155896348306e-01 -7.693187285826960713e+36
4.800000000000000711e+00 -6.106226635438360972e-16 7.681000045488908336e+36
4.900000000000000355e+00 -4.842868669783244595e-01 -7.681592588858244731e+36
5.000000000000000000e+00 -1.212771719537832457e-14 7.696787432666182165e+36
5.100000000000000533e+00 4.842868669783372271e-01 -7.728316772486584780e+36
5.200000000000000178e+00 8.826273045769994496e-15 7.777772132853470822e+36
5.300000000000000711e+00 -5.472639155896259489e-01 -7.846556952914698023e+36
5.400000000000000355e+00 -1.263293784461137770e-01 7.935843868648244226e+36
5.500000000000000000e+00 4.208077798377425349e-01 -8.046538149292829834e+36
5.600000000000000533e+00 -9.048317650695025804e-15 8.179248360364986332e+36
5.700000000000000178e+00 -6.117632414485751902e-01 -8.334264897323688887e+36
5.800000000000000711e+00 -2.567563603677464057e-01 8.511546604228752406e+36
5.900000000000000355e+00 3.547365716340314390e-01 -8.710715300095283242e+36
6.000000000000000000e+00 2.664535259100375697e-15 8.931057714822043392e+36
6.100000000000000533e+00 -6.800110765478899477e-01 -9.171534108926743751e+36
6.200000000000000178e+00 -3.959280087977183893e-01 9.430792726562140696e+36
6.300000000000000711e+00 2.836306788762830156e-01 -9.707189205876763249e+36
6.400000000000000355e+00 -4.440892098500626162e-15 9.998810129078828139e+36
6.500000000000000000e+00 -7.547627247472064038e-01 -1.030350001150429330e+37
6.600000000000000533e+00 -5.497546521927451080e-01 1.061889117398154451e+37
6.700000000000000178e+00 2.043008243002815139e-01 -1.094243608418364722e+37
6.800000000000000711e+00 -1.987299214079030207e-14 1.127144186226019909e+37
6.900000000000000355e+00 -8.397996491122595719e-01 -1.160310670293985156e+37
7.000000000000000000e+00 -7.265425280053372514e-01 1.193455795961355192e+37
7.100000000000000533e+00 1.121602444752357042e-01 -1.226289156603560607e+37
7.200000000000000178e+00 1.065814103640150279e-14 1.258521234949237958e+37
7.300000000000000711e+00 -9.408092961816432176e-01 -1.289867463585242649e+37
7.400000000000000355e+00 -9.390625058175352535e-01 1.320052238798817430e+37
7.500000000000000000e+00 4.695100324995811987e-15 -1.348812798283739780e+37
7.600000000000000533e+00 3.819167204710538499e-14 1.375902864499215088e+37
7.700000000000000178e+00 -1.067138674627697847e+00 -1.401095953650521016e+37
7.800000000000000711e+00 -1.208792350409627403e+00 1.424188256522463988e+37
7.900000000000000355e+00 -1.445961158925647694e-01 -1.445001011861710207e+37
8.000000000000000000e+00 1.165734175856414367e-14 1.463382314719867893e+37
8.099999999999999645e+00 -1.235727657910002719e+00 -1.479208329223964201e+37
8.200000000000001066e+00 -1.575747859968656073e+00 1.492383905006056237e+37
8.300000000000000711e+00 -3.454538278924906280e-01 -1.502842625992727778e+37
8.400000000000000355e+00 2.964295475749167963e-14 1.510546346433793386e+37
8.500000000000000000e+00 -1.481305252752551427e+00 -1.515484289345331725e+37
8.599999999999999645e+00 -2.125108173157202351e+00 1.517671795100663006e+37
8.700000000000001066e+00 -6.554318269412279241e-01 -1.517148811841279112e+37
8.800000000000000711e+00 -2.164934898019055254e-14 1.513978214885414872e+37
8.900000000000000355e+00 -1.888803426957481602e+00 -1.508244030591765437e+37
9.000000000000000000e+00 -3.077683537175270434e+00 1.500049623222463473e+37
9.099999999999999645e+00 -1.221011288334655331e+00 -1.489515883793195126e+37
9.200000000000001066e+00 -2.203792703880935733e-14 1.476779440391488205e+37
9.300000000000000711e+00 -2.736871414605761110e+00 -1.461990892437826767e+37
9.400000000000000355e+00 -5.242183581113148527e+00 1.445313058736106046e+37
9.500000000000000000e+00 -2.656875757337563648e+00 -1.426919221984706999e+37
9.600000000000001421e+00 -1.906808044793706358e-14 1.406991350876042396e+37
9.700000000000001066e+00 -5.789447496702861073e+00 -1.385718284338659108e+37
9.800000000000000711e+00 -1.589454484386535071e+01 1.363293869555366784e+37
9.900000000000000355e+00 -1.541025797688696919e+01 -1.339915054430343130e+37
