# x    u_init    u_nu1e-02    u_nu1e-03    u_nu3e-04    u_nu1e-04
0.000000000000000000e+00 0.000000000000000000e+00 -2.205995694275218600e-15 -6.695682897017804669e-15 -8.461391587389008976e-15 -9.567009406907650396e-15
1.000000000000000056e-01 1.541025797688697985e+01 8.765285614736486805e-03 1.532506035306848702e-01 5.193475131870196604e-01 1.535440946801899686e+00
2.000000000000000111e-01 1.589454484386530631e+01 1.749543017101282474e-02 3.033492102668167156e-01 1.004486030052383017e+00 2.781711580362116631e+00
3.000000000000000444e-01 5.789447496702812224e+00 2.615543994809826911e-02 4.472684900590438994e-01 1.425619345849774788e+00 3.554986611977282163e+00
4.000000000000000222e-01 -2.386979502944086562e-15 3.471061518273289154e-02 5.822230695363019848e-01 1.760931992624722442e+00 3.826227899874280247e+00
5.000000000000000000e-01 2.656875757337520572e+00 4.312669525785141345e-02 7.057726491410341030e-01 1.998680906227468634e+00 3.697226512389812036e+00
6.000000000000000888e-01 5.242183581113177837e+00 5.137000175721594813e-02 8.159052535379719417e-01 2.137539517373272524e+00 3.330570659454605842e+00
7.000000000000000666e-01 2.736871414605778430e+00 5.940757869762447463e-02 9.110964411159683252e-01 2.185321191203938085e+00 2.879074859204721726e+00
8.000000000000000444e-01 2.220446049250313081e-16 6.720732926978863209e-02 9.903420890565146628e-01 2.156533583320982217e+00 2.445907249681286366e+00
9.000000000000000222e-01 1.221011288334604039e+00 7.473814844286122416e-02 1.053164266745541422e+00 2.069388806564032457e+00 2.079465408064725018e+00
1.000000000000000000e+00 3.077683537175251338e+00 8.197005081568939366e-02 1.099591543295780571e+00 1.942893499301131088e+00 1.788876165712250277e+00
1.100000000000000089e+00 1.888803426957488485e+00 8.887429312987742136e-02 1.130116690762981158e+00 1.794499093033727233e+00 1.563655345326284918e+00
1.200000000000000178e+00 -2.220446049250313081e-15 9.542349089532541073e-02 1.145636019658715199e+00 1.638571587676060037e+00 1.388030364928152904e+00
1.300000000000000044e+00 6.554318269412067188e-01 1.015917286177004802e-01 1.147375435058134663e+00 1.485715080096837726e+00 1.247998161839909637e+00
1.400000000000000133e+00 2.125108173157201019e+00 1.073546631588929157e-01 1.136808693968743622e+00 1.342810744822084068e+00 1.133255206138076732e+00
1.500000000000000000e+00 1.481305252752576518e+00 1.126896198054914422e-01 1.115573287936325819e+00 1.213540271894037570e+00 1.036805262033005048e+00
1.600000000000000089e+00 -2.886579864025407005e-15 1.175756806662370813e-01 1.085388920248963496e+00 1.099148070448763503e+00 9.540214757993751293e-01
1.700000000000000178e+00 3.454538278925120554e-01 1.219937650668337648e-01 1.047982777117738129e+00 9.992380926625029636e-01 8.818088046022730664e-01
1.800000000000000044e+00 1.575747859968646525e+00 1.259267016589463717e-01 1.005024808936113345e+00 9.124698817242751225e-01 8.179959737882060988e-01
1.900000000000000133e+00 1.235727657909982291e+00 1.293592920092465071e-01 9.580751500549112842e-01 8.370887351239173491e-01 7.609811129902633864e-01
2.000000000000000000e+00 2.775557561562891351e-15 1.322783654835223421e-01 9.085447173452767533e-01 7.712802817598258809e-01 7.095673361812896429e-01
2.100000000000000089e+00 1.445961158925318790e-01 1.346728252897115286e-01 8.576690283118479918e-01 7.133740433247943713e-01 6.628524102845164689e-01
2.200000000000000178e+00 1.208792350409610084e+00 1.365336855918241610e-01 8.064944363471017175e-01 6.619351688187663507e-01 6.201172783299248037e-01
2.300000000000000266e+00 1.067138674627712058e+00 1.378540996536983809e-01 7.558753367062579498e-01 6.157840503270129995e-01 5.807644001135555678e-01
2.400000000000000355e+00 1.387778780781445676e-14 1.386293790170050610e-01 7.064804697129740685e-01 5.739763311111013566e-01 5.443151706343780649e-01
2.500000000000000000e+00 2.971315939523802412e-15 1.388570037615492747e-01 6.588062328662136480e-01 5.357660949615032919e-01 5.103954746857040092e-01
2.600000000000000089e+00 9.390625058174868478e-01 1.385366239374064834e-01 6.131948881983072530e-01 5.005660312554508495e-01 4.786868251329162716e-01
2.700000000000000178e+00 9.408092961815777144e-01 1.376700522975153052e-01 5.698556803141368032e-01 4.679115600609846659e-01 4.489022469551687822e-01
2.800000000000000266e+00 -8.104628079763642745e-15 1.362612484958073689e-01 5.288871223234204999e-01 4.374314916392426089e-01 4.208049333528396385e-01
2.900000000000000355e+00 -1.121602444751851335e-01 1.343162949496101155e-01 4.902990184460424561e-01 4.088253574692977121e-01 3.942110721272979457e-01
3.000000000000000000e+00 7.265425280053789958e-01 1.318433645957791944e-01 4.540331336670496709e-01 3.818464639396834115e-01 3.689563469116752259e-01
3.100000000000000089e+00 8.397996491122566853e-01 1.288526807977167510e-01 4.199817589516547933e-01 3.562894235920027186e-01 3.448801439034000493e-01
3.200000000000000178e+00 -6.439293542825907934e-15 1.253564696850691107e-01 3.880037297386443318e-01 3.319810073523261074e-01 3.218476652992267595e-01
3.300000000000000266e+00 -2.043008243002525925e-01 1.213689052294754517e-01 3.579377188071123927e-01 3.087733881360680277e-01 2.997581330428282786e-01
3.400000000000000355e+00 5.497546521927781926e-01 1.169060473783045812e-01 3.296128333289657930e-01 2.865390851866809196e-01 2.785176029510902374e-01
3.500000000000000000e+00 7.547627247472155076e-01 1.119857735839537571e-01 3.028566980414736376e-01 2.651671184602683029e-01 2.580252292007099157e-01
3.600000000000000089e+00 -6.772360450213454897e-15 1.066277040791200614e-01 2.775013053646754324e-01 2.445600321086035533e-01 2.381950814390831062e-01
3.700000000000000178e+00 -2.836306788762897879e-01 1.008531212586441655e-01 2.533869658996086849e-01 2.246315515354025683e-01 2.189668591031250222e-01
3.800000000000000266e+00 3.959280087977252727e-01 9.468488353626043630e-02 2.303647079970774780e-01 2.053047103048845634e-01 2.002822818017818973e-01
3.900000000000000355e+00 6.800110765479013830e-01 8.814733405007910139e-02 2.082974625041014993e-01 1.865103314494697684e-01 1.820715037527156910e-01
4.000000000000000000e+00 1.887379141862766119e-15 8.126620459411107444e-02 1.870603374516272843e-01 1.681857802170867722e-01 1.642737064822952231e-01
4.100000000000000533e+00 -3.547365716340633579e-01 7.406851515487550275e-02 1.665402452736585714e-01 1.502739274260862234e-01 1.468494703430766046e-01
4.200000000000000178e+00 2.567563603677321393e-01 6.658246943236786897e-02 1.466350985530275597e-01 1.327222779259333851e-01 1.297596377736332518e-01
4.299999999999999822e+00 6.117632414485746351e-01 5.883734672367944146e-02 1.272527440443375901e-01 1.154822294883215972e-01 1.129511444129296799e-01
4.400000000000000355e+00 1.831867990631508292e-14 5.086339054561746231e-02 1.083097620478556122e-01 9.850843524031716036e-02 9.637618802108741112e-02
4.500000000000000000e+00 -4.208077798377403145e-01 4.269169437004290135e-02 8.973022097165965494e-02 8.175824844000882663e-02 8.000598311468393176e-02
4.600000000000000533e+00 1.263293784461071434e-01 3.435408484257358730e-02 7.144444592357714063e-02 6.519123260073250714e-02 6.381154425710275357e-02
4.700000000000000178e+00 5.472639155896348306e-01 2.588300285203479559e-02 5.338783543697568634e-02 4.876872310165842467e-02 4.774858073538700010e-02
4.800000000000000711e+00 -6.106226635438360972e-16 1.731138281479726801e-02 3.549974146072210762e-02 3.245342875798117033e-02 3.177524639995310540e-02
4.900000000000000355e+00 -4.842868669783244595e-01 8.672530535121736328e-03 1.772241375888808715e-02 1.620906355408609570e-02 1.586720420557110808e-02
5.000000000000000000e+00 -1.212771719537832457e-14 -1.011701943758694526e-15 5.388312246191729583e-16 5.241337420624769513e-16 1.349678651561286406e-15
5.100000000000000533e+00 4.842868669783372271e-01 -8.672530535123762485e-03 -1.772241375888700121e-02 -1.620906355408508956e-02 -1.586720420556848865e-02
5.200000000000000178e+00 8.826273045769994496e-15 -1.731138281479930804e-02 -3.549974146072101128e-02 -3.245342875798028909e-02 -3.177524639995078781e-02
5.300000000000000711e+00 -5.472639155896259489e-01 -2.588300285203684603e-02 -5.338783543697455530e-02 -4.876872310165770996e-02 -4.774858073538520986e-02
5.400000000000000355e+00 -1.263293784461137770e-01 -3.435408484257564815e-02 -7.144444592357596102e-02 -6.519123260073197978e-02 -6.381154425710176825e-02
5.500000000000000000e+00 4.208077798377425349e-01 -4.269169437004497608e-02 -8.973022097165839206e-02 -8.175824844000850744e-02 -8.000598311468400115e-02
5.600000000000000533e+00 -9.048317650695025804e-15 -5.086339054561955786e-02 -1.083097620478542661e-01 -9.850843524031696608e-02 -9.637618802108861848e-02
5.700000000000000178e+00 -6.117632414485751902e-01 -5.883734672368156476e-02 -1.272527440443361746e-01 -1.154822294883214168e-01 -1.129511444129319558e-01
5.800000000000000711e+00 -2.567563603677464057e-01 -6.658246943237003390e-02 -1.466350985530260609e-01 -1.327222779259331353e-01 -1.297596377736361661e-01
5.900000000000000355e+00 3.547365716340314390e-01 -7.406851515487769544e-02 -1.665402452736570171e-01 -1.502739274260857238e-01 -1.468494703430794635e-01
6.000000000000000000e+00 2.664535259100375697e-15 -8.126620459411332265e-02 -1.870603374516256467e-01 -1.681857802170858840e-01 -1.642737064822973325e-01
6.100000000000000533e+00 -6.800110765478899477e-01 -8.814733405008140510e-02 -2.082974625040998062e-01 -1.865103314494683806e-01 -1.820715037527165236e-01
6.200000000000000178e+00 -3.959280087977183893e-01 -9.468488353626279552e-02 -2.303647079970757294e-01 -2.053047103048825650e-01 -2.002822818017810924e-01
6.300000000000000711e+00 2.836306788762830156e-01 -1.008531212586465803e-01 -2.533869658996069640e-01 -2.246315515353999315e-01 -2.189668591031222744e-01
6.400000000000000355e+00 -4.440892098500626162e-15 -1.066277040791225317e-01 -2.775013053646736561e-01 -2.445600321086003337e-01 -2.381950814390783877e-01
6.500000000000000000e+00 -7.547627247472064038e-01 -1.119857735839562968e-01 -3.028566980414718612e-01 -2.651671184602645281e-01 -2.580252292007034209e-01
6.600000000000000533e+00 -5.497546521927451080e-01 -1.169060473783071902e-01 -3.296128333289640722e-01 -2.865390851866767563e-01 -2.785176029510824103e-01
6.700000000000000178e+00 2.043008243002815139e-01 -1.213689052294781440e-01 -3.579377188071107274e-01 -3.087733881360638089e-01 -2.997581330428196189e-01
6.800000000000000711e+00 -1.987299214079030207e-14 -1.253564696850718585e-01 -3.880037297386427775e-01 -3.319810073523219440e-01 -3.218476652992179887e-01
6.900000000000000355e+00 -8.397996491122595719e-01 -1.288526807977195821e-01 -4.199817589516533500e-01 -3.562894235919988883e-01 -3.448801439033918337e-01
7.000000000000000000e+00 -7.265425280053372514e-01 -1.318433645957820810e-01 -4.540331336670483942e-01 -3.818464639396800253e-01 -3.689563469116686201e-01
7.100000000000000533e+00 1.121602444752357042e-01 -1.343162949496130576e-01 -4.902990184460415124e-01 -4.088253574692949366e-01 -3.942110721272937268e-01
7.200000000000000178e+00 1.065814103640150279e-14 -1.362612484958103942e-01 -5.288871223234198338e-01 -4.374314916392406660e-01 -4.208049333528378622e-01
7.300000000000000711e+00 -9.408092961816432176e-01 -1.376700522975184138e-01 -5.698556803141363591e-01 -4.679115600609835002e-01 -4.489022469551691708e-01
7.400000000000000355e+00 -9.390625058175352535e-01 -1.385366239374096753e-01 -6.131948881983071420e-01 -5.005660312554504054e-01 -4.786868251329182145e-01
7.500000000000000000e+00 4.695100324995811987e-15 -1.388570037615525499e-01 -6.588062328662138700e-01 -5.357660949615034029e-01 -5.103954746857064517e-01
7.600000000000000533e+00 3.819167204710538499e-14 -1.386293790170083917e-01 -7.064804697129747346e-01 -5.739763311111020228e-01 -5.443151706343805074e-01
7.700000000000000178e+00 -1.067138674627697847e+00 -1.378540996537017671e-01 -7.558753367062590600e-01 -6.157840503270139987e-01 -5.807644001135576772e-01
7.800000000000000711e+00 -1.208792350409627403e+00 -1.365336855918276304e-01 -8.064944363471033828e-01 -6.619351688187674609e-01 -6.201172783299266911e-01
7.900000000000000355e+00 -1.445961158925647694e-01 -1.346728252897150535e-01 -8.576690283118502123e-01 -7.133740433247957036e-01 -6.628524102845180233e-01
8.000000000000000000e+00 1.165734175856414367e-14 -1.322783654835259226e-01 -9.085447173452795289e-01 -7.712802817598273242e-01 -7.095673361812905311e-01
8.099999999999999645e+00 -1.235727657910002719e+00 -1.293592920092501708e-01 -9.580751500549147259e-01 -8.370887351239190144e-01 -7.609811129902633864e-01
8.200000000000001066e+00 -1.575747859968656073e+00 -1.259267016589501187e-01 -1.005024808936117342e+00 -9.124698817242770099e-01 -8.179959737882050996e-01
8.300000000000000711e+00 -3.454538278924906280e-01 -1.219937650668375673e-01 -1.047982777117742792e+00 -9.992380926625054061e-01 -8.818088046022710680e-01
8.400000000000000355e+00 2.964295475749167963e-14 -1.175756806662409254e-01 -1.085388920248968825e+00 -1.099148070448766612e+00 -9.540214757993733530e-01
8.500000000000000000e+00 -1.481305252752551427e+00 -1.126896198054953557e-01 -1.115573287936331814e+00 -1.213540271894041345e+00 -1.036805262033005270e+00
8.599999999999999645e+00 -2.125108173157202351e+00 -1.073546631588968847e-01 -1.136808693968750283e+00 -1.342810744822088731e+00 -1.133255206138079396e+00
8.700000000000001066e+00 -6.554318269412279241e-01 -1.015917286177045048e-01 -1.147375435058141990e+00 -1.485715080096843721e+00 -1.247998161839915188e+00
8.800000000000000711e+00 -2.164934898019055254e-14 -9.542349089532949080e-02 -1.145636019658723415e+00 -1.638571587676067365e+00 -1.388030364928161342e+00
8.900000000000000355e+00 -1.888803426957481602e+00 -8.887429312988155694e-02 -1.130116690762990039e+00 -1.794499093033735893e+00 -1.563655345326295576e+00
9.000000000000000000e+00 -3.077683537175270434e+00 -8.197005081569357088e-02 -1.099591543295790119e+00 -1.942893499301140858e+00 -1.788876165712261823e+00
9.099999999999999645e+00 -1.221011288334655331e+00 -7.473814844286544301e-02 -1.053164266745551636e+00 -2.069388806564043559e+00 -2.079465408064737453e+00
9.200000000000001066e+00 -2.203792703880935733e-14 -6.720732926979289257e-02 -9.903420890565254320e-01 -2.156533583320994651e+00 -2.445907249681299245e+00
9.300000000000000711e+00 -2.736871414605761110e+00 -5.940757869762876286e-02 -9.110964411159796494e-01 -2.185321191203951408e+00 -2.879074859204735493e+00
9.400000000000000355e+00 -5.242183581113148527e+00 -5.137000175722027107e-02 -8.159052535379837101e-01 -2.137539517373287179e+00 -3.330570659454620497e+00
9.500000000000000000e+00 -2.656875757337563648e+00 -4.312669525785577107e-02 -7.057726491410463154e-01 -1.998680906227484178e+00 -3.697226512389827580e+00
9.600000000000001421e+00 -1.906808044793706358e-14 -3.471061518273726304e-02 -5.822230695363146413e-01 -1.760931992624738651e+00 -3.826227899874297123e+00
9.700000000000001066e+00 -5.789447496702861073e+00 -2.615543994810266143e-02 -4.472684900590568891e-01 -1.425619345849791220e+00 -3.554986611977300370e+00
9.800000000000000711e+00 -1.589454484386535071e+01 -1.749543017101722747e-02 -3.033492102668300383e-01 -1.004486030052399670e+00 -2.781711580362135283e+00
9.900000000000000355e+00 -1.541025797688696919e+01 -8.765285614740898207e-03 -1.532506035306982484e-01 -5.193475131870365358e-01 -1.535440946801918560e+00
